LandisData	Species		

>> https://www.feis-crs.org/feis/
>> use this site to double check this stuff					

>>				Sexual	Shade	Fire	Seed Disp Dist	Veg	Sprout	Age	Post-Fire
>>	Name		Long	Maturit	Tol.	Tol.	Effecti	Maximum	Rep P	Min	Max	Regen
>>	----		-------	-----	-----	----	------  -------	-----	----	-----	--------
	3		90	6	1	1	30	500	0.75	1	70	resprout
	4		2	1	1	1	5	100	0	0	0	none
	5		10	2	1	1	30	500	0.75	1	10	resprout <<n-fixer		
	11		500	20	4	1	30	200	0	0	0	none
	15		450	40	4	3	30	200	0	0	0	none
	17		450	40	4	2	30	200	0	0	0	none
	18		450	40	4	2	30	200	0	0	0	none
	19		450	40	4	2	30	200	0	0	0	none
	20		500	30	3	3	30	200	0	0	0	none
	21		500	30	3	3	30	200	0	0	0	none
	51		700	10	2	4	39	599	0	0	0	none
	52		700	10	2	4	39	599	0	0	0	none
	58		1000	20	2	1	60	500	0	0	0	none
	59		1000	20	2	1	60	500	0	0	0	none
	61		1000	20	2	1	60	500	0	0	0	none
	62		1000	20	2	1	60	500	0	0	0	none
	63		1000	20	2	1	60	500	0	0	0	none
	64		1000	20	2	1	60	500	0	0	0	none
	65		1000	20	2	1	60	500	0	0	0	none
	66		1000	20	2	1	60	500	0	0	0	none
	68		1000	20	2	1	60	500	0	0	0	none
	69		1000	20	2	1	60	500	0	0	0	none
	81		550	30	4	3	30	2000	0	0	0	none
	93		250	35	5	2	60	300	0	0	0	none
	96		250	35	5	2	60	300	0	0	0	none
	101		900	30	3	2	30	2500	.0001	100	900	none
	103		100	15	1	1	30	200	0	0	0	none
	104		2000	30	1	4	30	5000	0	0	0	none
	106		600	35	1	1	30	500	0	0	0	none
	108		300	7	1	2	30	300	0	0	0	none
	109		500	12	2	3	30	300	0	0	0	none
	113		1000	20	2	1	30	5000	0	0	0	none
	114		900	30	3	2	30	2500	.0001	100	900	none
	116		500	25	2	5	50	300	0	0	0	none	
	117		550	20	3	5	30	400	0	0	0	none
	118		500	28	2	2	30	500	0	0	0	none
	119		550	18	3	4	30	800	0	0	0	none	
	122		600	10	1	5	30	2000	0	0	0	none	
	124		90	10	2	1	30	500	0	0	0	none	
	127		300	20	1	3	30	200	0	0	0	none
	133		650	35	1	1	30	500	0	0	0	none
	134		600	35	1	1	30	500	0	0	0	none
	135		600	10	1	5	30	2000	0	0	0	none
	137		600	10	1	5	30	2000	0	0	0	none
	140		600	35	1	1	30	500	0	0	0	none
	141		600	35	1	1	30	500	0	0	0	none
	142		600	35	1	1	30	500	0	0	0	none	
	143		600	35	1	1	30	500	0	0	0	none
	201		650	15	3	3	140	2000	0	0	0	none
	202		650	15	3	3	140	2000	0	0	0	none
	211		2500	10	5	4	60	120	0	0	0	none
	212		2500	20	2	5	100	300	0	0	0	none	
	242		1000	20	1	2	60	400	0	0	0	none
	263		800	20	5	1	100	500	0	0	0	none
	264		800	20	5	1	100	500	0	0	0	none
	312		250	10	4	2	10	100	.5	1	200	resprout
	313		250	10	4	2	10	100	.5	1	200	resprout
	321		250	10	4	2	10	100	.5	1	200	resprout
	322		250	10	4	2	10	100	.5	1	200	resprout
	351		250	7	2	2	400	1000	0.2	2	200	resprout	
	352		270	7	2	2	200	1000	0.2	2	200	resprout	
	353		250	7	2	2	400	1000	0.2	2	200	resprout	
	361		300	5	3	1	30	1000	0.7	5	300	resprout	
	362		300	5	3	1	30	1000	0.7	5	300	resprout
	375		200	15	1	1	60	200	0.6	1	75	resprout
	404		300	25	3	3	50	3000	.8	20	150	resprout
	461		150	15	1	1	20	3000	0	0	0	resprout
	462		100	15	1	1	20	3000	0	0	0	resprout
	463		150	15	1	1	20	3000	0	0	0	resprout	
	475		500	10	2	1	30	300	0	0	0	none
	540		125	20	3	2	5	300	.7	10	100	resprout
	542		125	20	3	2	5	300	.7	10	100	resprout
	544		125	20	3	2	5	300	.7	10	100	resprout
	547		150	20	3	2	5	300	.7	10	100	resprout
	549		125	20	3	2	5	300	.7	10	100	resprout
	602		155	30	1   	2   	30  	320  	.4 	20  	100  	resprout 
	603		155	30	1   	2   	30  	320  	.4 	20  	60  	resprout
	604		155	30	1   	2   	30  	320  	.4 	20  	60  	resprout
	605		155	30	1   	2   	30  	320  	.4 	20  	60  	resprout
	606		400	30	1   	2   	30  	320  	.4 	20  	200  	resprout
	631		350	15	4	2	100	400	0.8	2	200	resprout
	730		400	20	2	3	150	300	0.6	10	50	resprout
	732		400	20	2	3	150	300	0.6	10	50	resprout
	742		190	15	1	2	200	1000	0.9	1	175	resprout
	745		190	15	1	2	200	1000	0.9	1	175	resprout
	746		190	15	1	2	200	1000	0.9	1	175	resprout
	747		200	7	1	1	30	500	0.7	1	200	resprout
	748		190	15	1	2	200	1000	0.9	1	175	resprout
	749		190	15	1	2	200	1000	0.9	1	175	resprout
	763		200	15	2	1	5	3000	0.5	15	200	resprout
	766		200	15	2	1	5	3000	0.5	15	200	resprout
	768		200	15	2	1	5	3000	0.5	15	200	resprout
	801		405	20	3	1	30	1000	0.9	1	250	resprout
	803		350	40	2	2	100	700	0.8	3	300	resprout	
	805		390	20	3	1	30	1000	0.9	1	250	resprout
	807		350	20	3	2	30	1000	0.8	1	300	resprout
	810		350	40	2	2	100	700	0.8	3	300	resprout	
	811		350	40	2	2	100	700	0.8	3	300	resprout	
	814		350	40	2	2	100	700	0.8	3	300	resprout	
	815		500	40	2	2	100	700	0.8	3	300	resprout	
	818		500	30	3	2	30	1000	0.8	1	300	resprout
	821		500	20	3	3	100	500	0.7	3	300	resprout		
	823		300	15	2	3	30	800	0.8	1	300	resprout
	826		150	15	2	3	30	800	0.7	1	150	resprout
	827		80	20	3	2	30	800	0.9	1	80	resprout
	829		100	15	3	2	30	800	0.7	1	100	resprout
	834		480	25	2	2	30	500	0.7	1	400	resprout
	835		400	25	2	2	30	500	0.7	1	350	resprout
	838		600	50	3	1	30	500	0.8	1	550	resprout
	839		450	20	3	1	100	800	0.6	3	300	resprout
	843		300	20	3	2	30	1000	0.8	1	300	resprout
	846		300	20	3	2	30	1000	0.8	1	300	resprout
	847		300	20	3	2	30	1000	0.8	1	300	resprout
	901		130	10	1	1	20 	400 	0.9	10  	100	resprout
	972		250	15	2	1	100	500	0.8	1	100	resprout
	973		100	15	2	1	100	500	0.8	1	60	resprout
	974		150	15	3	2	80	500	0.8	1	80	resprout
	975		200	15	3	1	80	400	0.8	1	80	resprout
	981		400	30	4	1	30	300	0.3	1	200	resprout
	73		1000	25	3	2	50	500	0	0	0	none
	
